100307
102816
103414
105115
105216
110411
111009
111312
111716
113215
113619
115320
117122
117324
118730
118932
120111
122317
123117
124422
125525
126325
127933
128632
129028
130013
130316
130922
131924
133625
133928
135932
138534
139637
140824
148032
148335
149337
149539
151223
151526
151627
153025
154431
156233
156637
159340
160123
161731
162733
163129
176542
178950
188347
189450
192540
196750
198451
199655
201414
205826
208226
209935
211417
211720
212318
217126
221319
224022
239944
245333
246133
280739
284646
298051
366446
371843
390645
397760
414229
499566
541943
547046
561242
570243
586460
654754
672756
704238
705341
713239
715647
749361
751348
756055
761957
792564
871964
899885
951457
959574
